https://www.youtube.com/watch?v=jQRHwqNC_0U
308341367 0.532139961 0.946026558 0.500000000 0.500000000 0.000000000 0.000000000 0.978989959 -0.010294991 -0.203648433 -0.000762398 -0.007398812 0.996273518 -0.085932352 -0.031535059 0.203774214 0.085633665 0.975265563 -0.153683138
308374733 0.532139961 0.946026558 0.500000000 0.500000000 0.000000000 0.000000000 0.977586806 -0.011497887 -0.210218683 0.002481976 -0.007218716 0.996089876 -0.088050455 -0.033528951 0.210409090 0.087594472 0.973681271 -0.161050474
308408100 0.532139961 0.946026558 0.500000000 0.500000000 0.000000000 0.000000000 0.976103604 -0.012630552 -0.216938347 0.005673227 -0.007174566 0.995891988 -0.090264283 -0.034554699 0.217187256 0.089663729 0.972003162 -0.168504957
308441467 0.532139961 0.946026558 0.500000000 0.500000000 0.000000000 0.000000000 0.974509835 -0.013677491 -0.223927394 0.008982419 -0.007251760 0.995697796 -0.092376187 -0.035320741 0.224227488 0.091645375 0.970218122 -0.175504380
308474833 0.532139961 0.946026558 0.500000000 0.500000000 0.000000000 0.000000000 0.972881317 -0.014926891 -0.230822623 0.012480344 -0.007060312 0.995534182 -0.094137549 -0.036223930 0.231196985 0.093214348 0.968431234 -0.182418105
308508200 0.532139961 0.946026558 0.500000000 0.500000000 0.000000000 0.000000000 0.971116245 -0.015677260 -0.238091335 0.016362104 -0.007245381 0.995441616 -0.095097564 -0.037379468 0.238496885 0.094075851 0.966575921 -0.188874438
308541567 0.532139961 0.946026558 0.500000000 0.500000000 0.000000000 0.000000000 0.969348371 -0.016915115 -0.245107263 0.019519189 -0.007186836 0.995248139 -0.097105585 -0.037570019 0.245585099 0.095890686 0.964620590 -0.194434889
308608300 0.532139961 0.946026558 0.500000000 0.500000000 0.000000000 0.000000000 0.965482831 -0.019274237 -0.259752661 0.026318709 -0.007045615 0.994960845 -0.100016415 -0.039387193 0.260371476 0.098394245 0.960481763 -0.206582088
308641667 0.532139961 0.946026558 0.500000000 0.500000000 0.000000000 0.000000000 0.963333905 -0.020359756 -0.267531812 0.029517279 -0.007176768 0.994804621 -0.101549059 -0.039716119 0.268209398 0.099745661 0.958182931 -0.212002640
308675033 0.532139961 0.946026558 0.500000000 0.500000000 0.000000000 0.000000000 0.961007357 -0.021468673 -0.275688171 0.032829264 -0.007240514 0.994686186 -0.102698565 -0.040377398 0.276428014 0.100690201 0.955745280 -0.217063216
308708400 0.532139961 0.946026558 0.500000000 0.500000000 0.000000000 0.000000000 0.958558679 -0.022696253 -0.283989727 0.036218875 -0.007334619 0.994525313 -0.104238495 -0.041102245 0.284800768 0.102001667 0.953144372 -0.221993067
308741767 0.532139961 0.946026558 0.500000000 0.500000000 0.000000000 0.000000000 0.955935478 -0.023643453 -0.292623252 0.039282347 -0.007694451 0.994391501 -0.105481185 -0.040878463 0.293476015 0.103084780 0.950392187 -0.226182594
308775133 0.532139961 0.946026558 0.500000000 0.500000000 0.000000000 0.000000000 0.953253388 -0.024266239 -0.301196188 0.041521166 -0.008146173 0.994344234 -0.105892323 -0.041338713 0.302062303 0.103395812 0.947664320 -0.229231401
308808500 0.532139961 0.946026558 0.500000000 0.500000000 0.000000000 0.000000000 0.950509310 -0.025124749 -0.309678584 0.044002359 -0.008489858 0.994252503 -0.106723674 -0.041918199 0.310580105 0.104070969 0.944832921 -0.232545524
308875233 0.532139961 0.946026558 0.500000000 0.500000000 0.000000000 0.000000000 0.944740891 -0.027402855 -0.326670647 0.049495607 -0.008745467 0.994038582 -0.108677343 -0.043024623 0.327701300 0.105528817 0.938869298 -0.238573853
308908600 0.532139961 0.946026558 0.500000000 0.500000000 0.000000000 0.000000000 0.941721439 -0.028621495 -0.335173875 0.052471544 -0.008895036 0.993906736 -0.109864593 -0.043136616 0.336276084 0.106443226 0.935728729 -0.241383039
308941967 0.532139961 0.946026558 0.500000000 0.500000000 0.000000000 0.000000000 0.938513279 -0.029339867 -0.343994170 0.055158821 -0.009417908 0.993835866 -0.110460714 -0.042776764 0.345114648 0.106908552 0.932451844 -0.243680639
308975333 0.532139961 0.946026558 0.500000000 0.500000000 0.000000000 0.000000000 0.935223758 -0.030297186 -0.352758616 0.057885988 -0.009723495 0.993758440 -0.111129038 -0.043273624 0.353923738 0.107360564 0.929091871 -0.245835520
309008700 0.532139961 0.946026558 0.500000000 0.500000000 0.000000000 0.000000000 0.931820571 -0.030954622 -0.361596853 0.060782047 -0.010214265 0.993724287 -0.111389861 -0.043572254 0.362775594 0.107488804 0.925656557 -0.247905504
309042067 0.532139961 0.946026558 0.500000000 0.500000000 0.000000000 0.000000000 0.928349078 -0.031636182 -0.370360881 0.063609461 -0.010624910 0.993705988 -0.111514710 -0.043950611 0.371557742 0.107459627 0.922169864 -0.249844265
309075433 0.532139961 0.946026558 0.500000000 0.500000000 0.000000000 0.000000000 0.924848616 -0.032647923 -0.378931642 0.066337543 -0.010918945 0.993619144 -0.112257645 -0.044287495 0.380178690 0.107958861 0.918590784 -0.251641562
309108800 0.532139961 0.946026558 0.500000000 0.500000000 0.000000000 0.000000000 0.921171725 -0.033373199 -0.387722611 0.069763984 -0.011345040 0.993589520 -0.112477288 -0.045101364 0.388990849 0.108009629 0.914887965 -0.254094049
309142167 0.532139961 0.946026558 0.500000000 0.500000000 0.000000000 0.000000000 0.917566240 -0.034442890 -0.396088243 0.072676557 -0.011466603 0.993533552 -0.112958498 -0.045261007 0.397417575 0.108188689 0.911237895 -0.255692348
309208900 0.532139961 0.946026558 0.500000000 0.500000000 0.000000000 0.000000000 0.910201550 -0.035699584 -0.412624091 0.078700093 -0.012179646 0.993540049 -0.112826422 -0.046712792 0.413986415 0.107720405 0.903886914 -0.259251707
309242267 0.532139961 0.946026558 0.500000000 0.500000000 0.000000000 0.000000000 0.906504273 -0.036408246 -0.420623928 0.081863254 -0.012601309 0.993497729 -0.113152504 -0.047517248 0.422008604 0.107873634 0.900151134 -0.260734715
309275633 0.532139961 0.946026558 0.500000000 0.500000000 0.000000000 0.000000000 0.902823627 -0.037298322 -0.428390414 0.085099882 -0.012867143 0.993441820 -0.113612421 -0.048487376 0.429818511 0.108084142 0.896422803 -0.262961863
309309000 0.532139961 0.946026558 0.500000000 0.500000000 0.000000000 0.000000000 0.899192631 -0.037919387 -0.435906827 0.088240571 -0.013205825 0.993431985 -0.113659412 -0.050131037 0.437353671 0.107958212 0.892785966 -0.264952805
309342367 0.532139961 0.946026558 0.500000000 0.500000000 0.000000000 0.000000000 0.895653009 -0.038608752 -0.443074495 0.091415472 -0.013500394 0.993405759 -0.113854058 -0.051581030 0.444548517 0.107955411 0.889225662 -0.267106652
309409100 0.532139961 0.946026558 0.500000000 0.500000000 0.000000000 0.000000000 0.889143944 -0.039823636 -0.455891609 0.096863763 -0.014223916 0.993320107 -0.114511266 -0.055615774 0.457406580 0.108301558 0.882638097 -0.271985441
309442467 0.532139961 0.946026558 0.500000000 0.500000000 0.000000000 0.000000000 0.886038363 -0.040410291 -0.461847425 0.099748874 -0.014641317 0.993258059 -0.114996016 -0.057240949 0.463380694 0.108652942 0.879473090 -0.275233826
309475833 0.532139961 0.946026558 0.500000000 0.500000000 0.000000000 0.000000000 0.883017659 -0.040438525 -0.467594445 0.102214218 -0.015467658 0.993232727 -0.115106329 -0.059105627 0.469084859 0.108873509 0.876416564 -0.278934678
309509200 0.532139961 0.946026558 0.500000000 0.500000000 0.000000000 0.000000000 0.880132735 -0.040309701 -0.473013163 0.104434028 -0.016339598 0.993225932 -0.115044698 -0.062218033 0.474446356 0.108983450 0.873512030 -0.284099169
309542567 0.532139961 0.946026558 0.500000000 0.500000000 0.000000000 0.000000000 0.877503335 -0.040934134 -0.477820396 0.106557835 -0.016707798 0.993136227 -0.115763828 -0.063666219 0.479279459 0.109566472 0.870796442 -0.287968235
309575933 0.532139961 0.946026558 0.500000000 0.500000000 0.000000000 0.000000000 0.874932587 -0.041235302 -0.482485890 0.109189737 -0.017189724 0.993095100 -0.116045728 -0.065114870 0.483939558 0.109825991 0.868182421 -0.292159517
309609300 0.532139961 0.946026558 0.500000000 0.500000000 0.000000000 0.000000000 0.872594893 -0.041835159 -0.486649781 0.111891410 -0.017455684 0.993017972 -0.116664611 -0.066478178 0.488132656 0.110295743 0.865772128 -0.296800241
309642667 0.532139961 0.946026558 0.500000000 0.500000000 0.000000000 0.000000000 0.870423913 -0.042362280 -0.490476996 0.114751898 -0.017655376 0.992963910 -0.117093928 -0.068415958 0.491986305 0.110580906 0.863551557 -0.302172177
309676033 0.532139961 0.946026558 0.500000000 0.500000000 0.000000000 0.000000000 0.868541598 -0.042488880 -0.493791699 0.117357209 -0.018038228 0.992948353 -0.117167257 -0.070397371 0.495287955 0.110671766 0.861650527 -0.307614305
309709400 0.532139961 0.946026558 0.500000000 0.500000000 0.000000000 0.000000000 0.867060125 -0.042669602 -0.496372908 0.120216022 -0.018459057 0.992890000 -0.117595725 -0.072785828 0.497861445 0.111125141 0.860107660 -0.313736773
309742767 0.532139961 0.946026558 0.500000000 0.500000000 0.000000000 0.000000000 0.866088688 -0.043403506 -0.498002529 0.122453533 -0.018637195 0.992727280 -0.118933745 -0.074490817 0.499542832 0.112288542 0.858980954 -0.320628504
309776133 0.532139961 0.946026558 0.500000000 0.500000000 0.000000000 0.000000000 0.865360856 -0.043743186 -0.499236524 0.125043974 -0.018964697 0.992611408 -0.119845577 -0.076056429 0.500790298 0.113177545 0.858137488 -0.327066266
309809500 0.532139961 0.946026558 0.500000000 0.500000000 0.000000000 0.000000000 0.864906728 -0.043624546 -0.500033319 0.127037753 -0.019370638 0.992572725 -0.120100662 -0.077751779 0.501558721 0.113561831 0.857637763 -0.333684160
309842867 0.532139961 0.946026558 0.500000000 0.500000000 0.000000000 0.000000000 0.864720166 -0.043874834 -0.500333965 0.129334470 -0.019549016 0.992482126 -0.120818146 -0.078636717 0.501873374 0.114254922 0.857361615 -0.339359986
309876233 0.532139961 0.946026558 0.500000000 0.500000000 0.000000000 0.000000000 0.864809155 -0.044859517 -0.500092745 0.131949856 -0.019065719 0.992348671 -0.121986344 -0.079543457 0.501738608 0.115029529 0.857336879 -0.345644978
309909600 0.532139961 0.946026558 0.500000000 0.500000000 0.000000000 0.000000000 0.864958882 -0.045732468 -0.499754608 0.135265495 -0.018738804 0.992201388 -0.123228706 -0.079543122 0.501492739 0.115952566 0.857356429 -0.352907848
309942967 0.532139961 0.946026558 0.500000000 0.500000000 0.000000000 0.000000000 0.865252912 -0.046075005 -0.499213874 0.137627428 -0.018783100 0.992089391 -0.124120452 -0.079804843 0.500983596 0.116772369 0.857542753 -0.358817645
309976333 0.532139961 0.946026558 0.500000000 0.500000000 0.000000000 0.000000000 0.865726292 -0.046780419 -0.498326808 0.140424549 -0.018578010 0.991933227 -0.125392660 -0.079780661 0.500172853 0.117813639 0.857873559 -0.365907578
310009700 0.532139961 0.946026558 0.500000000 0.500000000 0.000000000 0.000000000 0.866338551 -0.047223259 -0.497219771 0.142905036 -0.018469006 0.991810381 -0.126376569 -0.079630830 0.499115646 0.118668057 0.858371377 -0.372282108
310043067 0.532139961 0.946026558 0.500000000 0.500000000 0.000000000 0.000000000 0.867112100 -0.048142657 -0.495781094 0.145746867 -0.017913677 0.991660655 -0.127625570 -0.079277595 0.497790813 0.119546935 0.859018505 -0.379002051
310076433 0.532139961 0.946026558 0.500000000 0.500000000 0.000000000 0.000000000 0.868119121 -0.048691329 -0.493961900 0.147833429 -0.017613675 0.991528034 -0.128693298 -0.078908849 0.496043295 0.120421596 0.859906793 -0.385541694
310109800 0.532139961 0.946026558 0.500000000 0.500000000 0.000000000 0.000000000 0.869378269 -0.049083445 -0.491703421 0.149461353 -0.017440626 0.991386771 -0.129800156 -0.078681040 0.493839294 0.121421054 0.861034095 -0.391950834
310143167 0.532139961 0.946026558 0.500000000 0.500000000 0.000000000 0.000000000 0.870869160 -0.049489144 -0.489017129 0.150919036 -0.017325647 0.991209030 -0.131166071 -0.078495760 0.491209477 0.122701019 0.862355888 -0.397968385
310176533 0.532139961 0.946026558 0.500000000 0.500000000 0.000000000 0.000000000 0.872643054 -0.050130539 -0.485778838 0.152483740 -0.016998386 0.990996718 -0.132802665 -0.078367440 0.488062710 0.124146774 0.863934219 -0.404034113
310209900 0.532139961 0.946026558 0.500000000 0.500000000 0.000000000 0.000000000 0.874584794 -0.050529797 -0.482232451 0.154256000 -0.016926475 0.990767121 -0.134513766 -0.078088113 0.484577030 0.125806183 0.865654588 -0.410133718
310243267 0.532139961 0.946026558 0.500000000 0.500000000 0.000000000 0.000000000 0.876766086 -0.051406279 -0.478161752 0.155479703 -0.016476333 0.990476072 -0.136695534 -0.077475491 0.480634779 0.127728358 0.867568851 -0.416093417
310276633 0.532139961 0.946026558 0.500000000 0.500000000 0.000000000 0.000000000 0.878964126 -0.051730625 -0.474073857 0.156369104 -0.016295806 0.990260482 -0.138270065 -0.077875636 0.476609409 0.129259840 0.869560421 -0.421790538
310310000 0.532139961 0.946026558 0.500000000 0.500000000 0.000000000 0.000000000 0.881164610 -0.052391429 -0.469897866 0.158341644 -0.015933618 0.989986777 -0.140258059 -0.077393435 0.472541004 0.131077617 0.871506572 -0.427604406
310343367 0.532139961 0.946026558 0.500000000 0.500000000 0.000000000 0.000000000 0.883479238 -0.053010881 -0.465461344 0.159226902 -0.015646443 0.989683807 -0.142412066 -0.076457552 0.468208939 0.133100927 0.873535633 -0.432891901
310376733 0.532139961 0.946026558 0.500000000 0.500000000 0.000000000 0.000000000 0.885817289 -0.053641621 -0.460923284 0.160340201 -0.015189376 0.989411891 -0.144337848 -0.076142363 0.463785470 0.134858102 0.875623405 -0.438094773
310410100 0.532139961 0.946026558 0.500000000 0.500000000 0.000000000 0.000000000 0.888150871 -0.054433405 -0.456316859 0.161588987 -0.014720289 0.989080846 -0.146636873 -0.075492546 0.459316224 0.136952788 0.877651751 -0.443043392
310443467 0.532139961 0.946026558 0.500000000 0.500000000 0.000000000 0.000000000 0.890383422 -0.055029280 -0.451872855 0.163150185 -0.014452326 0.988748491 -0.148887515 -0.074526466 0.454981804 0.139097601 0.879570007 -0.448171618
310476833 0.532139961 0.946026558 0.500000000 0.500000000 0.000000000 0.000000000 0.892586112 -0.055750020 -0.447417051 0.164995991 -0.014085147 0.988394022 -0.151257530 -0.074047945 0.450656950 0.141312301 0.881441534 -0.453008463
310510200 0.532139961 0.946026558 0.500000000 0.500000000 0.000000000 0.000000000 0.894740224 -0.056834452 -0.442955762 0.167782038 -0.013566600 0.987951994 -0.154165044 -0.073001057 0.446380883 0.143947065 0.883189321 -0.458082426
310543567 0.532139961 0.946026558 0.500000000 0.500000000 0.000000000 0.000000000 0.896918535 -0.057157692 -0.438486159 0.169308129 -0.013389797 0.987645686 -0.156130597 -0.072796601 0.441993028 0.145907670 0.885072410 -0.463078899
310576933 0.532139961 0.946026558 0.500000000 0.500000000 0.000000000 0.000000000 0.899071574 -0.057735413 -0.433977962 0.171331268 -0.012979353 0.987315476 -0.158239439 -0.073365528 0.437609196 0.147901341 0.886917949 -0.467917732
310610300 0.532139961 0.946026558 0.500000000 0.500000000 0.000000000 0.000000000 0.901260018 -0.058569729 -0.429301769 0.173732582 -0.012589230 0.986863136 -0.161067307 -0.073096514 0.433095753 0.150568098 0.888682902 -0.473122013
310643667 0.532139961 0.946026558 0.500000000 0.500000000 0.000000000 0.000000000 0.903436303 -0.058904551 -0.424656391 0.175884090 -0.012623640 0.986431837 -0.163685232 -0.072987367 0.428536385 0.153239891 0.890434802 -0.478237266
310677033 0.532139961 0.946026558 0.500000000 0.500000000 0.000000000 0.000000000 0.905687928 -0.059230026 -0.419787079 0.177477414 -0.012393922 0.986069798 -0.165869713 -0.073552826 0.423763841 0.155429006 0.892337382 -0.483350707
310710400 0.532139961 0.946026558 0.500000000 0.500000000 0.000000000 0.000000000 0.907836795 -0.059959110 -0.415014774 0.180778921 -0.011716512 0.985710561 -0.168039829 -0.074532453 0.419159949 0.157415256 0.894161820 -0.488501040
310743767 0.532139961 0.946026558 0.500000000 0.500000000 0.000000000 0.000000000 0.910057962 -0.060243253 -0.410079598 0.183003510 -0.011557028 0.985307992 -0.170395508 -0.075045629 0.414319873 0.159809083 0.895991147 -0.493310403
310777133 0.532139961 0.946026558 0.500000000 0.500000000 0.000000000 0.000000000 0.912262857 -0.061014563 -0.405035436 0.186047988 -0.010837990 0.984901488 -0.172776058 -0.075995106 0.409461886 0.162006959 0.897827804 -0.498587911
310810500 0.532139961 0.946026558 0.500000000 0.500000000 0.000000000 0.000000000 0.914368153 -0.061986543 -0.400110722 0.189918152 -0.009896113 0.984494388 -0.175136760 -0.076662609 0.404762864 0.164099008 0.899576843 -0.503910219
310843867 0.532139961 0.946026558 0.500000000 0.500000000 0.000000000 0.000000000 0.916438997 -0.062444899 -0.395272344 0.193107816 -0.009283510 0.984166741 -0.177001923 -0.078113470 0.400066763 0.165880978 0.901349068 -0.509387915
310877233 0.532139961 0.946026558 0.500000000 0.500000000 0.000000000 0.000000000 0.918424070 -0.063240312 -0.390509814 0.197583308 -0.008470051 0.983769834 -0.179234952 -0.079494934 0.395506650 0.167921335 0.902982235 -0.515165633
310910600 0.532139961 0.946026558 0.500000000 0.500000000 0.000000000 0.000000000 0.920403063 -0.064143844 -0.385673106 0.202006428 -0.007444195 0.983395875 -0.181320533 -0.080844478 0.390899926 0.169759005 0.904643118 -0.521350926
310943967 0.532139961 0.946026558 0.500000000 0.500000000 0.000000000 0.000000000 0.922320426 -0.064726412 -0.380966574 0.206782136 -0.006681100 0.983053684 -0.183196262 -0.082257295 0.386368215 0.171510920 0.906258047 -0.527740396
310977333 0.532139961 0.946026558 0.500000000 0.500000000 0.000000000 0.000000000 0.924230337 -0.065651573 -0.376149088 0.212224392 -0.005523140 0.982706308 -0.185088485 -0.084043648 0.381795466 0.173141927 0.907884419 -0.534609231
311010700 0.532139961 0.946026558 0.500000000 0.500000000 0.000000000 0.000000000 0.926216066 -0.066453293 -0.371089995 0.217445108 -0.004528342 0.982309401 -0.187210441 -0.086343467 0.376965940 0.175077736 0.909529805 -0.542115507
311044067 0.532139961 0.946026558 0.500000000 0.500000000 0.000000000 0.000000000 0.928198338 -0.067681506 -0.365878463 0.223651886 -0.003151126 0.981852353 -0.189620674 -0.087078935 0.372072458 0.177158520 0.911140442 -0.549962431
311077433 0.532139961 0.946026558 0.500000000 0.500000000 0.000000000 0.000000000 0.930172324 -0.068023682 -0.360766143 0.229434932 -0.002271302 0.981599092 -0.190939993 -0.089419263 0.367116153 0.178426504 0.912901819 -0.557824120
311110800 0.532139961 0.946026558 0.500000000 0.500000000 0.000000000 0.000000000 0.932240486 -0.069168136 -0.355166763 0.236034988 -0.000758263 0.981183887 -0.193074211 -0.090408553 0.361838460 0.180260912 0.914646864 -0.565607851
